2 160204
3 105571
5 63275
7 45161
11 28438
13 23771
17 18322
19 16371
23 13681
29 10726
31 10360
37 8462
41 7712
43 7124
47 6688
53 5938
59 5332
61 5158
67 4649
71 4299
73 4271
79 3819
83 3824
89 3573
97 3256
101 3150
103 3067
107 2927
109 2850
113 2779
127 2536
131 2437
137 2298
139 2295
149 2334
151 2290
157 2390
163 2224
167 2228
173 2106
179 1952
181 2022
191 1747
193 1762
197 1622
199 1494
211 1225
223 897
227 803
229 745
233 650
239 575
241 507
251 388
257 292
263 181
269 137
271 119
277 89
281 49
283 37
293 5
