0 9918
1 9985
2 9893
3 10033
4 9926
5 10151
6 9992
7 10027
8 9998
9 9959
10 9880
11 10109
12 10031
13 9968
14 9992
15 10127
16 9986
17 9941
18 9905
19 9944
20 9891
21 9966
22 9887
23 10055
24 10078
25 10053
26 9985
27 10089
28 10137
29 9945
30 10082
31 9976
32 10054
33 10095
34 10064
35 9995
36 10099
37 9865
38 9819
39 10024
40 9852
41 10075
42 10041
43 9901
44 9989
45 9808
46 9968
47 9927
48 10043
49 9881
50 10085
51 10106
52 9937
53 9909
54 10103
55 10021
56 10075
57 9946
58 10099
59 9981
60 9871
61 9940
62 10008
63 9924
64 10264
65 10188
66 9815
67 9951
68 9859
69 9865
70 10035
71 10180
72 10072
73 10132
74 10050
75 9971
76 10137
77 10056
78 9821
79 9896
80 9874
81 10016
82 10262
83 10168
84 9888
85 10001
86 9878
87 10147
88 10024
89 10220
90 9933
91 10071
92 10038
93 9996
94 9981
95 9925
96 9801
97 10089
98 10020
99 9962

