0 1
1 1
2 2
3 3
4 5
5 10
6 9
7 8
8 10
9 13
10 19
11 30
12 30
13 42
14 29
15 41
16 49
17 61
18 49
19 61
20 67
21 77
22 93
23 100
24 108
25 107
26 113
27 130
28 162
29 138
30 185
31 192
32 188
33 196
34 217
35 224
36 232
37 247
38 239
39 258
40 300
41 275
42 311
43 353
44 346
45 380
46 380
47 430
48 395
49 438
50 461
51 458
52 426
53 441
54 475
55 557
56 546
57 572
58 557
59 664
60 641
61 631
62 690
63 697
64 721
65 741
66 762
67 799
68 778
69 859
70 850
71 884
72 892
73 1003
74 956
75 978
76 970
77 1023
78 994
79 1036
80 1103
81 1109
82 1148
83 1205
84 1269
85 1286
86 1293
87 1285
88 1306
89 1372
90 1370
91 1417
92 1440
93 1515
94 1552
95 1580
96 1582
97 1669
98 1628
99 1652
100 1690
101 1761
102 1852
103 1876
104 1866
105 1836
106 1926
107 1955
108 1956
109 1980
110 1987
111 2077
112 2096
113 2079
114 2159
115 2149
116 2164
117 2096
118 2119
119 2253
120 2266
121 2192
122 2263
123 2278
124 2373
125 2318
126 2376
127 2384
128 2342
129 2323
130 2354
131 2360
132 2403
133 2467
134 2404
135 2425
136 2346
137 2379
138 2429
139 2396
140 2418
141 2467
142 2446
143 2423
144 2476
145 2489
146 2528
147 2457
148 2513
149 2466
150 2474
151 2456
152 2578
153 2445
154 2608
155 2606
156 2493
157 2531
158 2444
159 2490
160 2444
161 2547
162 2457
163 2384
164 2488
165 2398
166 2474
167 2382
168 2379
169 2375
170 2334
171 2265
172 2281
173 2246
174 2327
175 2296
176 2240
177 2243
178 2246
179 2059
180 2089
181 2136
182 2083
183 2073
184 2031
185 2032
186 2045
187 1997
188 1900
189 1902
190 1908
191 1876
192 1872
193 1860
194 1798
195 1749
196 1696
197 1740
198 1738
199 1601
200 1609
201 1627
202 1610
203 1578
204 1519
205 1552
206 1375
207 1361
208 1361
209 1264
210 1341
211 1295
212 1296
213 1243
214 1179
215 1144
216 1098
217 1154
218 1087
219 1048
220 1032
221 983
222 968
223 967
224 969
225 890
226 892
227 851
228 860
229 795
230 849
231 767
232 717
233 694
234 715
235 703
236 662
237 607
238 561
239 617
240 570
241 547
242 542
243 532
244 537
245 482
246 484
247 397
248 428
249 385
250 395
251 406
252 367
253 361
254 327
255 340
256 287
257 311
258 258
259 243
260 273
261 224
262 244
263 195
264 210
265 206
266 176
267 186
268 158
269 152
270 131
271 126
272 111
273 98
274 96
275 82
276 95
277 97
278 59
279 72
280 41
281 49
282 45
283 39
284 31
285 21
286 27
287 34
288 14
289 17
290 9
291 12
292 5
293 5
294 1
295 1
296 1
297 0
